51910 0.0932411
51911 0.0925078
51912 0.0916678
51913 0.0907690
51914 0.0898731
51915 0.0890213
51916 0.0882971
51917 0.0877134
51918 0.0872331
51919 0.0868084
51920 0.0863932
51921 0.0858920
51922 0.0852423
51923 0.0844128
51924 0.0834614
51925 0.0825013
51926 0.0816498
51927 0.0809776
51928 0.0804735
51929 0.0801140
51930 0.0799319
51931 0.0799234
51932 0.0800156
51933 0.0800969
51934 0.0801065
51935 0.0800012
51936 0.0797629
51937 0.0793754
51938 0.0788567
51939 0.0782778
51940 0.0777181
51941 0.0771772
51942 0.0767624
51943 0.0764706
51944 0.0763315
51945 0.0763068
51946 0.0762954
51947 0.0761626
51948 0.0758408
51949 0.0751946
51950 0.0743320
51951 0.0733054
51952 0.0721846
51953 0.0710330
51954 0.0699353
51955 0.0689561
51956 0.0681055
51957 0.0673693
51958 0.0667471
51959 0.0661870
51960 0.0656092
51961 0.0649724
51962 0.0642668
51963 0.0634714
51964 0.0625092
51965 0.0613666
51966 0.0600732
51967 0.0586676
51968 0.0572004
51969 0.0557574
51970 0.0544326
51971 0.0532636
51972 0.0522239
51973 0.0512704
51974 0.0503458
51975 0.0493415
51976 0.0481077
51977 0.0466971
51978 0.0451464
51979 0.0435364
51980 0.0419359
51981 0.0404519
51982 0.0392190
51983 0.0383090
51984 0.0375746
51985 0.0369958
51986 0.0365061
51987 0.0360758
51988 0.0356533
51989 0.0351675
51990 0.0345528
51991 0.0338732
51992 0.0330568
51993 0.0321569
51994 0.0311476
51995 0.0300529
51996 0.0289403
51997 0.0279428
51998 0.0270502
51999 0.0262669
52000 0.0255548
52001 0.0248823
52002 0.0241794
52003 0.0233456
52004 0.0222905
52005 0.0210181
52006 0.0196090
52007 0.0181496
52008 0.0167497
52009 0.0155237
52010 0.0145353
52011 0.0138317
52012 0.0133092
52013 0.0129296
52014 0.0126349
52015 0.0123043
52016 0.0118400
52017 0.0111920
52018 0.0104355
52019 0.0095170
52020 0.0085710
52021 0.0075682
52022 0.0065709
52023 0.0056533
52024 0.0048292
52025 0.0040738
52026 0.0034314
52027 0.0028217
52028 0.0022283
52029 0.0015439
52030 0.0006970
52031 -0.0003457
52032 -0.0015949
52033 -0.0030416
52034 -0.0046183
52035 -0.0061659
52036 -0.0075597
52037 -0.0087524
52038 -0.0097376
52039 -0.0105272
52040 -0.0111957
52041 -0.0117519
52042 -0.0123158
52043 -0.0129594
52044 -0.0137144
52045 -0.0145761
52046 -0.0155493
52047 -0.0166067
52048 -0.0177561
52049 -0.0188906
52050 -0.0199555
52051 -0.0209047
52052 -0.0216870
52053 -0.0222382
52054 -0.0226043
52055 -0.0228304
52056 -0.0230067
52057 -0.0232438
52058 -0.0236211
52059 -0.0241445
52060 -0.0247509
52061 -0.0253750
52062 -0.0259663
52063 -0.0264741
52064 -0.0268199
52065 -0.0269240
52066 -0.0267655
52067 -0.0264129
52068 -0.0259359
52069 -0.0254338
52070 -0.0250021
52071 -0.0246985
52072 -0.0245383
52073 -0.0245101
52074 -0.0245771
52075 -0.0247284
52076 -0.0248901
52077 -0.0250752
52078 -0.0252680
52079 -0.0254084
52080 -0.0254337
52081 -0.0253462
52082 -0.0251831
52083 -0.0249835
52084 -0.0248508
52085 -0.0248966
52086 -0.0251626
52087 -0.0256231
52088 -0.0262311
52089 -0.0268169
52090 -0.0273284
52091 -0.0276904
52092 -0.0278374
52093 -0.0277857
52094 -0.0275936
52095 -0.0273161
52096 -0.0270017
52097 -0.0267091
52098 -0.0264843
52099 -0.0263548
52100 -0.0263021
52101 -0.0262967
52102 -0.0263582
52103 -0.0264524
52104 -0.0265648
52105 -0.0266622
52106 -0.0266904
52107 -0.0266080
52108 -0.0263805
52109 -0.0260014
52110 -0.0255269
52111 -0.0249998
52112 -0.0245742
52113 -0.0243730
52114 -0.0244175
52115 -0.0246301
52116 -0.0248749
52117 -0.0250359
52118 -0.0250552
52119 -0.0249023
52120 -0.0245507
52121 -0.0240072
52122 -0.0233138
52123 -0.0225880
52124 -0.0220008
52125 -0.0213492
52126 -0.0209016
52127 -0.0206767
52128 -0.0206127
52129 -0.0206557
52130 -0.0208187
52131 -0.0211207
52132 -0.0214911
52133 -0.0218779
52134 -0.0221917
52135 -0.0223872
52136 -0.0224697
52137 -0.0225040
52138 -0.0225516
52139 -0.0227170
52140 -0.0231297
52141 -0.0238079
52142 -0.0246848
52143 -0.0256370
52144 -0.0265552
52145 -0.0273344
52146 -0.0279011
52147 -0.0282179
52148 -0.0282885
52149 -0.0281852
52150 -0.0279954
52151 -0.0277828
52152 -0.0276224
52153 -0.0275234
52154 -0.0275948
52155 -0.0278582
52156 -0.0282503
52157 -0.0287087
52158 -0.0292104
52159 -0.0297015
52160 -0.0301461
52161 -0.0304556
52162 -0.0305861
52163 -0.0305754
52164 -0.0304967
52165 -0.0304005
52166 -0.0303976
52167 -0.0305760
52168 -0.0310355
52169 -0.0317900
52170 -0.0327242
52171 -0.0336908
52172 -0.0346063
52173 -0.0353156
52174 -0.0358691
52175 -0.0362183
52176 -0.0364086
52177 -0.0365034
52178 -0.0365693
52179 -0.0366656
52180 -0.0368718
52181 -0.0372023
52182 -0.0376663
52183 -0.0382773
52184 -0.0390312
52185 -0.0398781
52186 -0.0407636
52187 -0.0416721
52188 -0.0425358
52189 -0.0432754
52190 -0.0438498
52191 -0.0443242
52192 -0.0448051
52193 -0.0453677
52194 -0.0460604
52195 -0.0469248
52196 -0.0480555
52197 -0.0494736
52198 -0.0510717
52199 -0.0526809
52200 -0.0541481
52201 -0.0553679
52202 -0.0563268
52203 -0.0570472
52204 -0.0576089
52205 -0.0581071
52206 -0.0586046
52207 -0.0591490
52208 -0.0598181
52209 -0.0606349
52210 -0.0616005
52211 -0.0626753
52212 -0.0637961
52213 -0.0649095
52214 -0.0659737
52215 -0.0669056
52216 -0.0676809
52217 -0.0683086
52218 -0.0688457
52219 -0.0693337
52220 -0.0698208
52221 -0.0704018
52222 -0.0712276
52223 -0.0723591
52224 -0.0737261
52225 -0.0752406
52226 -0.0768254
52227 -0.0783595
52228 -0.0796834
52229 -0.0807251
52230 -0.0815369
52231 -0.0821946
52232 -0.0827664
52233 -0.0833125
52234 -0.0838710
52235 -0.0844701
52236 -0.0851570
52237 -0.0859618
52238 -0.0868771
52239 -0.0878575
52240 -0.0888413
52241 -0.0897879
52242 -0.0907009
52243 -0.0914537
52244 -0.0921272
52245 -0.0926125
52246 -0.0929110
52247 -0.0931326
52248 -0.0934129
52249 -0.0938396
52250 -0.0944938
52251 -0.0953348
52252 -0.0963965
52253 -0.0975983
52254 -0.0987903
52255 -0.0998355
52256 -0.1006906
52257 -0.1013899
52258 -0.1018854
52259 -0.1022239
52260 -0.1025296
52261 -0.1028992
52262 -0.1033657
52263 -0.1039541
52264 -0.1047478
52265 -0.1057621
52266 -0.1069063
52267 -0.1080723
52268 -0.1092221
52269 -0.1103626
52270 -0.1114808
52271 -0.1125269
52272 -0.1134590
52273 -0.1142795
52274 -0.1150413
52275 -0.1158163
52276 -0.1166792
52277 -0.1177016
52278 -0.1189128
52279 -0.1202534
52280 -0.1216284
52281 -0.1229010
52282 -0.1239729
52283 -0.1248099
52284 -0.1254071
52285 -0.1258115
52286 -0.1259975
52287 -0.1260589
52288 -0.1260526
52289 -0.1260618
52290 -0.1261415
52291 -0.1263097
52292 -0.1265956
52293 -0.1270267
52294 -0.1275594
52295 -0.1281348
52296 -0.1287263
52297 -0.1293155
52298 -0.1298553
52299 -0.1303024
52300 -0.1306467
52301 -0.1309620
52302 -0.1313464
52303 -0.1319082
52304 -0.1327462
52305 -0.1338988
52306 -0.1351979
52307 -0.1366146
52308 -0.1380709
52309 -0.1394723
52310 -0.1407173
52311 -0.1417261
52312 -0.1424742
52313 -0.1430195
52314 -0.1434416
52315 -0.1438302
52316 -0.1442665
52317 -0.1447950
52318 -0.1454294
52319 -0.1461384
52320 -0.1469818
52321 -0.1479099
52322 -0.1489326
52323 -0.1500076
52324 -0.1510546
52325 -0.1520193
52326 -0.1528821
52327 -0.1536658
52328 -0.1543627
52329 -0.1550485
52330 -0.1557975
52331 -0.1567243
52332 -0.1579386
52333 -0.1594181
52334 -0.1610191
52335 -0.1626675
52336 -0.1642536
52337 -0.1656537
52338 -0.1667984
52339 -0.1676989
52340 -0.1684212
52341 -0.1690326
52342 -0.1696101
52343 -0.1701735
52344 -0.1707757
52345 -0.1714953
52346 -0.1723699
52347 -0.1733650
52348 -0.1743518
52349 -0.1753088
52350 -0.1762190
52351 -0.1770576
52352 -0.1777797
52353 -0.1783632
52354 -0.1788363
52355 -0.1792368
52356 -0.1796223
52357 -0.1800781
52358 -0.1806811
52359 -0.1815188
52360 -0.1826638
52361 -0.1841057
52362 -0.1856539
52363 -0.1871397
52364 -0.1884308
52365 -0.1894760
52366 -0.1902698
52367 -0.1908553
52368 -0.1913217
52369 -0.1916731
52370 -0.1920822
52371 -0.1925670
52372 -0.1931442
52373 -0.1938358
52374 -0.1946507
52375 -0.1955524
52376 -0.1965073
52377 -0.1974587
52378 -0.1983279
52379 -0.1990430
52380 -0.1995639
52381 -0.1999246
52382 -0.2002050
52383 -0.2004488
52384 -0.2007045
52385 -0.2010188
52386 -0.2015113
52387 -0.2022721
52388 -0.2033139
52389 -0.2045884
52390 -0.2059908
52391 -0.2073811
52392 -0.2085851
52393 -0.2094727
52394 -0.2100194
52395 -0.2103318
52396 -0.2105638
52397 -0.2107477
52398 -0.2110313
52399 -0.2114217
52400 -0.2119453
52401 -0.2126206
52402 -0.2134455
52403 -0.2143710
52404 -0.2153372
52405 -0.2163093
52406 -0.2172292
52407 -0.2180425
52408 -0.2187393
52409 -0.2193550
52410 -0.2198839
52411 -0.2203461
52412 -0.2208580
52413 -0.2215159
52414 -0.2224277
52415 -0.2236137
52416 -0.2249894
52417 -0.2264242
52418 -0.2278055
52419 -0.2290157
52420 -0.2299419
52421 -0.2305416
52422 -0.2308590
52423 -0.2309898
52424 -0.2310352
52425 -0.2310730
52426 -0.2310996
52427 -0.2312039
52428 -0.2313978
52429 -0.2316231
52430 -0.2317979
52431 -0.2319475
52432 -0.2319592
52433 -0.2318930
52434 -0.2316902
52435 -0.2313066
52436 -0.2307466
52437 -0.2300745
52438 -0.2293829
52439 -0.2287152
52440 -0.2282307
52441 -0.2279784
52442 -0.2279432
52443 -0.2280877
52444 -0.2283585
52445 -0.2286892
52446 -0.2290087
52447 -0.2292236
52448 -0.2293101
52449 -0.2292631
52450 -0.2291255
52451 -0.2289552
52452 -0.2288374
52453 -0.2287772
52454 -0.2288760
52455 -0.2290430
52456 -0.2292631
52457 -0.2295759
52458 -0.2300097
52459 -0.2304438
52460 -0.2308154
52461 -0.2310519
52462 -0.2311381
52463 -0.2310879
52464 -0.2309208
52465 -0.2306692
52466 -0.2303924
52467 -0.2301960
52468 -0.2301947
52469 -0.2304413
52470 -0.2308968
52471 -0.2314751
52472 -0.2320552
52473 -0.2325200
52474 -0.2328057
52475 -0.2328298
52476 -0.2325629
52477 -0.2320605
52478 -0.2314105
52479 -0.2306871
52480 -0.2299992
52481 -0.2294125
52482 -0.2289795
52483 -0.2286846
52484 -0.2284830
52485 -0.2283132
52486 -0.2281142
52487 -0.2278642
52488 -0.2275153
52489 -0.2271173
52490 -0.2265940
52491 -0.2259256
52492 -0.2251736
52493 -0.2244468
52494 -0.2238538
52495 -0.2235121
52496 -0.2235028
52497 -0.2237848
52498 -0.2242593
52499 -0.2248106
52500 -0.2253264
52501 -0.2257004
52502 -0.2258750
52503 -0.2258207
52504 -0.2255800
52505 -0.2252109
52506 -0.2247943
52507 -0.2244434
52508 -0.2242837
52509 -0.2242726
52510 -0.2243457
52511 -0.2245372
52512 -0.2248255
52513 -0.2251559
52514 -0.2254898
52515 -0.2257215
52516 -0.2258330
52517 -0.2257944
52518 -0.2256559
52519 -0.2254461
52520 -0.2252013
52521 -0.2249979
52522 -0.2249482
52523 -0.2251731
52524 -0.2256918
52525 -0.2265354
52526 -0.2275706
52527 -0.2285929
52528 -0.2294293
52529 -0.2299956
52530 -0.2303010
52531 -0.2304289
52532 -0.2304452
52533 -0.2304105
52534 -0.2303807
52535 -0.2304077
52536 -0.2305348
52537 -0.2307663
52538 -0.2310745
52539 -0.2314838
52540 -0.2319547
52541 -0.2324052
52542 -0.2327569
52543 -0.2329954
52544 -0.2331238
52545 -0.2331879
52546 -0.2331110
52547 -0.2329257
52548 -0.2327839
52549 -0.2328016
52550 -0.2329950
52551 -0.2334691
52552 -0.2342784
52553 -0.2353281
52554 -0.2364612
52555 -0.2375289
52556 -0.2384156
52557 -0.2390338
52558 -0.2393784
52559 -0.2395506
52560 -0.2396794
52561 -0.2398571
52562 -0.2401361
52563 -0.2405364
52564 -0.2410304
52565 -0.2417010
52566 -0.2424363
52567 -0.2432027
52568 -0.2439528
52569 -0.2446790
52570 -0.2453542
52571 -0.2459232
52572 -0.2463341
52573 -0.2466388
52574 -0.2468527
52575 -0.2470548
52576 -0.2472058
52577 -0.2475300
52578 -0.2480915
52579 -0.2489250
52580 -0.2500198
52581 -0.2512626
52582 -0.2524989
52583 -0.2535820
52584 -0.2544215
52585 -0.2549833
52586 -0.2553350
52587 -0.2555471
52588 -0.2556671
52589 -0.2557684
52590 -0.2559476
52591 -0.2562578
52592 -0.2567548
52593 -0.2573498
52594 -0.2579917
52595 -0.2586459
52596 -0.2592559
52597 -0.2597629
52598 -0.2601444
52599 -0.2603971
52600 -0.2605835
52601 -0.2607402
52602 -0.2609064
52603 -0.2611530
52604 -0.2615687
52605 -0.2622098
52606 -0.2631389
52607 -0.2642232
52608 -0.2655355
52609 -0.2669793
52610 -0.2683821
52611 -0.2695635
52612 -0.2704541
52613 -0.2710363
52614 -0.2714551
52615 -0.2717337
52616 -0.2721047
52617 -0.2726427
52618 -0.2733457
52619 -0.2742072
52620 -0.2751749
52621 -0.2762173
52622 -0.2772818
52623 -0.2782956
52624 -0.2791725
52625 -0.2798802
52626 -0.2804277
52627 -0.2808132
52628 -0.2810497
52629 -0.2812186
52630 -0.2813868
52631 -0.2816346
52632 -0.2820733
52633 -0.2827843
52634 -0.2837568
52635 -0.2848979
52636 -0.2860882
52637 -0.2872116
52638 -0.2881743
52639 -0.2889151
52640 -0.2894287
52641 -0.2898126
52642 -0.2901318
52643 -0.2904331
52644 -0.2908262
52645 -0.2913515
52646 -0.2920373
52647 -0.2928525
52648 -0.2937316
52649 -0.2946492
52650 -0.2955513
52651 -0.2964399
52652 -0.2972512
52653 -0.2979180
52654 -0.2984074
52655 -0.2987500
52656 -0.2990056
52657 -0.2992089
52658 -0.2994894
52659 -0.2999080
52660 -0.3004718
52661 -0.3011676
52662 -0.3019823
52663 -0.3028645
52664 -0.3037562
52665 -0.3045280
52666 -0.3050671
52667 -0.3053396
52668 -0.3054093
52669 -0.3054054
52670 -0.3053757
52671 -0.3053502
52672 -0.3054433
52673 -0.3057179
52674 -0.3062008
52675 -0.3068605
52676 -0.3076443
52677 -0.3084387
52678 -0.3091451
52679 -0.3097457
52680 -0.3102253
52681 -0.3105869
52682 -0.3108604
52683 -0.3111015
52684 -0.3113783
52685 -0.3117681
52686 -0.3122577
52687 -0.3129103
52688 -0.3138081
52689 -0.3149376
52690 -0.3161848
52691 -0.3174286
52692 -0.3185308
52693 -0.3193838
52694 -0.3199706
52695 -0.3203541
52696 -0.3206223
52697 -0.3208420
52698 -0.3210634
52699 -0.3213501
52700 -0.3217497
52701 -0.3222855
52702 -0.3229238
52703 -0.3236119
52704 -0.3243034
52705 -0.3249936
52706 -0.3256620
52707 -0.3262582
52708 -0.3267427
52709 -0.3271221
52710 -0.3274404
52711 -0.3277564
52712 -0.3281279
52713 -0.3286603
52714 -0.3294072
52715 -0.3304173
52716 -0.3317122
52717 -0.3332232
52718 -0.3347622
52719 -0.3361657
52720 -0.3373173
52721 -0.3381523
52722 -0.3386827
52723 -0.3390040
52724 -0.3392528
52725 -0.3395369
52726 -0.3399353
52727 -0.3404885
52728 -0.3411974
52729 -0.3420265
52730 -0.3429325
52731 -0.3438916
52732 -0.3448670
52733 -0.3457856
52734 -0.3466289
52735 -0.3473374
52736 -0.3479070
52737 -0.3483551
52738 -0.3487223
52739 -0.3490276
52740 -0.3494130
52741 -0.3499621
52742 -0.3507860
52743 -0.3518901
52744 -0.3532397
52745 -0.3547193
52746 -0.3561399
52747 -0.3572891
52748 -0.3581695
52749 -0.3586766
52750 -0.3588744
52751 -0.3588996
52752 -0.3589226
52753 -0.3590311
52754 -0.3592844
52755 -0.3597319
52756 -0.3603059
52757 -0.3609676
52758 -0.3616855
52759 -0.3624146
52760 -0.3631121
52761 -0.3636521
52762 -0.3639650
52763 -0.3640792
52764 -0.3640709
52765 -0.3640152
52766 -0.3639410
52767 -0.3638467
52768 -0.3639255
52769 -0.3641874
52770 -0.3647700
52771 -0.3655419
52772 -0.3665611
52773 -0.3677924
52774 -0.3690008
52775 -0.3699430
52776 -0.3705520
52777 -0.3709419
52778 -0.3711199
52779 -0.3712343
52780 -0.3714259
52781 -0.3717513
52782 -0.3722000
52783 -0.3727751
52784 -0.3734010
52785 -0.3740532
52786 -0.3746604
52787 -0.3751729
52788 -0.3755484
52789 -0.3757738
52790 -0.3758389
52791 -0.3757206
52792 -0.3754278
52793 -0.3750085
52794 -0.3745237
52795 -0.3740913
52796 -0.3737609
52797 -0.3736658
52798 -0.3738692
52799 -0.3742717
52800 -0.3747807
52801 -0.3752842
52802 -0.3756399
52803 -0.3756734
52804 -0.3753177
52805 -0.3747892
52806 -0.3741008
52807 -0.3734312
52808 -0.3728997
52809 -0.3724789
52810 -0.3722419
52811 -0.3721300
52812 -0.3720421
52813 -0.3719446
52814 -0.3718094
52815 -0.3715581
52816 -0.3711060
52817 -0.3705718
52818 -0.3698609
52819 -0.3691038
52820 -0.3681752
52821 -0.3672317
52822 -0.3664140
52823 -0.3656971
52824 -0.3651244
52825 -0.3647208
52826 -0.3644827
52827 -0.3643639
52828 -0.3642588
52829 -0.3640231
52830 -0.3635399
52831 -0.3628104
52832 -0.3619264
52833 -0.3609987
52834 -0.3600601
52835 -0.3592288
52836 -0.3586124
52837 -0.3582387
52838 -0.3580291
52839 -0.3578986
52840 -0.3577785
52841 -0.3576220
52842 -0.3574005
52843 -0.3570746
52844 -0.3566174
52845 -0.3560551
52846 -0.3553916
52847 -0.3547435
52848 -0.3541461
52849 -0.3536153
52850 -0.3532035
52851 -0.3530460
52852 -0.3530983
52853 -0.3533289
52854 -0.3536975
52855 -0.3540780
52856 -0.3543266
52857 -0.3543585
52858 -0.3541732
52859 -0.3537464
52860 -0.3531831
52861 -0.3525883
52862 -0.3520846
52863 -0.3517717
52864 -0.3516824
52865 -0.3517684
52866 -0.3519874
52867 -0.3523217
52868 -0.3526729
52869 -0.3529014
52870 -0.3529149
52871 -0.3527129
52872 -0.3523666
52873 -0.3518505
52874 -0.3512420
52875 -0.3507290
52876 -0.3500978
52877 -0.3495434
52878 -0.3493115
52879 -0.3494312
52880 -0.3498691
52881 -0.3505415
52882 -0.3513590
52883 -0.3520381
52884 -0.3524734
52885 -0.3526451
52886 -0.3525915
52887 -0.3523694
52888 -0.3520813
52889 -0.3518263
52890 -0.3516070
52891 -0.3515601
52892 -0.3517490
52893 -0.3520657
52894 -0.3524656
52895 -0.3528433
52896 -0.3531381
52897 -0.3533408
52898 -0.3534534
52899 -0.3534652
52900 -0.3533493
52901 -0.3530992
52902 -0.3528067
52903 -0.3525755
52904 -0.3524237
52905 -0.3524782
52906 -0.3528275
52907 -0.3534343
52908 -0.3542526
52909 -0.3551726
52910 -0.3561365
52911 -0.3568464
52912 -0.3572752
52913 -0.3575065
52914 -0.3575877
52915 -0.3575337
52916 -0.3575779
52917 -0.3577156
52918 -0.3580531
52919 -0.3586120
52920 -0.3593255
52921 -0.3600625
52922 -0.3607590
52923 -0.3614118
52924 -0.3619529
52925 -0.3623484
52926 -0.3625995
52927 -0.3627138
52928 -0.3626909
52929 -0.3626098
52930 -0.3625343
52931 -0.3625971
52932 -0.3628611
52933 -0.3633932
52934 -0.3642239
52935 -0.3653249
52936 -0.3666106
52937 -0.3679277
52938 -0.3691075
52939 -0.3699877
52940 -0.3704426
52941 -0.3705357
52942 -0.3705492
52943 -0.3704320
52944 -0.3703836
52945 -0.3704420
52946 -0.3706835
52947 -0.3711052
52948 -0.3716474
52949 -0.3722215
52950 -0.3727572
52951 -0.3731586
52952 -0.3735664
52953 -0.3737810
52954 -0.3738108
52955 -0.3737570
52956 -0.3736980
52957 -0.3736912
52958 -0.3737599
52959 -0.3739438
52960 -0.3743024
52961 -0.3748770
52962 -0.3756701
52963 -0.3766364
52964 -0.3776690
52965 -0.3787707
52966 -0.3797340
52967 -0.3803816
52968 -0.3807007
52969 -0.3807789
52970 -0.3807048
52971 -0.3806764
52972 -0.3807943
52973 -0.3810611
52974 -0.3814518
52975 -0.3819356
52976 -0.3824674
52977 -0.3829768
52978 -0.3833511
52979 -0.3836403
52980 -0.3838190
52981 -0.3838116
52982 -0.3835791
52983 -0.3832021
52984 -0.3828310
52985 -0.3824403
52986 -0.3821637
52987 -0.3819618
52988 -0.3819823
52989 -0.3822558
52990 -0.3827557
52991 -0.3834543
52992 -0.3842346
52993 -0.3850113
52994 -0.3857129
52995 -0.3861824
52996 -0.3863184
52997 -0.3862305
52998 -0.3861677
52999 -0.3862921
53000 -0.3866460
53001 -0.3871915
53002 -0.3878475
53003 -0.3885151
53004 -0.3891039
53005 -0.3895814
53006 -0.3900569
53007 -0.3904589
53008 -0.3906591
53009 -0.3906452
53010 -0.3905273
53011 -0.3904450
53012 -0.3904650
53013 -0.3906132
53014 -0.3909932
53015 -0.3916089
53016 -0.3924849
53017 -0.3935847
53018 -0.3948327
53019 -0.3961509
53020 -0.3972640
53021 -0.3982502
53022 -0.3989626
53023 -0.3994150
53024 -0.3996656
53025 -0.3998443
53026 -0.4000853
53027 -0.4004504
53028 -0.4009681
53029 -0.4016504
53030 -0.4024586
53031 -0.4033058
53032 -0.4040792
53033 -0.4046781
53034 -0.4050441
53035 -0.4051829
53036 -0.4051471
53037 -0.4049593
53038 -0.4047072
53039 -0.4044465
53040 -0.4041884
53041 -0.4041205
53042 -0.4042374
53043 -0.4046437
53044 -0.4052990
53045 -0.4061246
53046 -0.4070629
53047 -0.4079829
53048 -0.4087624
53049 -0.4093551
53050 -0.4097157
53051 -0.4098770
53052 -0.4099557
53053 -0.4100766
53054 -0.4103346
53055 -0.4108221
53056 -0.4115853
53057 -0.4125256
53058 -0.4135565
53059 -0.4146073
53060 -0.4155889
53061 -0.4163804
53062 -0.4169713
53063 -0.4173962
53064 -0.4175696
53065 -0.4175101
53066 -0.4173472
53067 -0.4172124
53068 -0.4171855
53069 -0.4173466
53070 -0.4177311
53071 -0.4183135
53072 -0.4191553
53073 -0.4201226
53074 -0.4210251
53075 -0.4217635
53076 -0.4222041
53077 -0.4224617
53078 -0.4225774
53079 -0.4225294
53080 -0.4224660
53081 -0.4225665
53082 -0.4229160
53083 -0.4235101
53084 -0.4243548
53085 -0.4255475
53086 -0.4266573
53087 -0.4277221
53088 -0.4288328
53089 -0.4298023
53090 -0.4306008
53091 -0.4312599
53092 -0.4317280
53093 -0.4321076
53094 -0.4325005
53095 -0.4329901
53096 -0.4336268
53097 -0.4344784
53098 -0.4355556
53099 -0.4368095
53100 -0.4383310
53101 -0.4399498
53102 -0.4414265
53103 -0.4426245
53104 -0.4435187
53105 -0.4441874
53106 -0.4446902
53107 -0.4450078
53108 -0.4453534
53109 -0.4459396
53110 -0.4467525
53111 -0.4477032
53112 -0.4487237
53113 -0.4498131
53114 -0.4507765
53115 -0.4515579
53116 -0.4521507
53117 -0.4525150
53118 -0.4526275
53119 -0.4525550
53120 -0.4523613
53121 -0.4521362
53122 -0.4519765
53123 -0.4519859
53124 -0.4522324
53125 -0.4526840
53126 -0.4534530
53127 -0.4544375
53128 -0.4555487
53129 -0.4567033
53130 -0.4577794
53131 -0.4586198
53132 -0.4592368
53133 -0.4597039
53134 -0.4600418
53135 -0.4603962
53136 -0.4608871
53137 -0.4615561
53138 -0.4623762
53139 -0.4633308
53140 -0.4643769
53141 -0.4654293
53142 -0.4663671
53143 -0.4671540
53144 -0.4677783
53145 -0.4681795
53146 -0.4683438
53147 -0.4684409
53148 -0.4684936
53149 -0.4683989
53150 -0.4682852
53151 -0.4683074
53152 -0.4684881
53153 -0.4688691
53154 -0.4693164
53155 -0.4699492
53156 -0.4705394
53157 -0.4709524
53158 -0.4711575
53159 -0.4711809
53160 -0.4710227
53161 -0.4707240
53162 -0.4705370
53163 -0.4703890
53164 -0.4703789
53165 -0.4705958
53166 -0.4709998
53167 -0.4714439
53168 -0.4718946
53169 -0.4723508
53170 -0.4726124
53171 -0.4726342
53172 -0.4724368
53173 -0.4720123
53174 -0.4714663
53175 -0.4708365
53176 -0.4702316
53177 -0.4697362
53178 -0.4693768
53179 -0.4691462
53180 -0.4690379
53181 -0.4691286
53182 -0.4693885
53183 -0.4696063
53184 -0.4697016
53185 -0.4696736
53186 -0.4694779
53187 -0.4690071
53188 -0.4683794
53189 -0.4676208
53190 -0.4670045
53191 -0.4664925
53192 -0.4661358
53193 -0.4659576
53194 -0.4658647
53195 -0.4657531
53196 -0.4655365
53197 -0.4651717
53198 -0.4646244
53199 -0.4638776
53200 -0.4629550
53201 -0.4619326
53202 -0.4608744
53203 -0.4598783
53204 -0.4590522
53205 -0.4582909
53206 -0.4576772
53207 -0.4573232
53208 -0.4571947
53209 -0.4572204
53210 -0.4573156
53211 -0.4574458
53212 -0.4573466
53213 -0.4570065
53214 -0.4564918
53215 -0.4557996
53216 -0.4550312
53217 -0.4543932
53218 -0.4539380
53219 -0.4538060
53220 -0.4539189
53221 -0.4541493
53222 -0.4544340
53223 -0.4545841
53224 -0.4546124
53225 -0.4545483
53226 -0.4543124
53227 -0.4538419
53228 -0.4532227
53229 -0.4526393
53230 -0.4519562
53231 -0.4514099
53232 -0.4509728
53233 -0.4507049
53234 -0.4506849
53235 -0.4509297
53236 -0.4513397
53237 -0.4518777
53238 -0.4523958
53239 -0.4527715
53240 -0.4529660
53241 -0.4529830
53242 -0.4528156
53243 -0.4524529
53244 -0.4521130
53245 -0.4518257
53246 -0.4518338
53247 -0.4520751
53248 -0.4525817
53249 -0.4531636
53250 -0.4537246
53251 -0.4540952
53252 -0.4542875
53253 -0.4542140
53254 -0.4538232
53255 -0.4531650
53256 -0.4524262
53257 -0.4516245
53258 -0.4508944
53259 -0.4503491
53260 -0.4500907
53261 -0.4501010
53262 -0.4504354
53263 -0.4509707
53264 -0.4516513
53265 -0.4523140
53266 -0.4528854
53267 -0.4531751
53268 -0.4531929
53269 -0.4530308
53270 -0.4527666
53271 -0.4524657
53272 -0.4522610
53273 -0.4523421
53274 -0.4526586
53275 -0.4531948
53276 -0.4539372
53277 -0.4547504
53278 -0.4554621
53279 -0.4559812
53280 -0.4563555
53281 -0.4565861
53282 -0.4566585
53283 -0.4566537
53284 -0.4566702
53285 -0.4567477
53286 -0.4569205
53287 -0.4571244
53288 -0.4575133
53289 -0.4581821
53290 -0.4590978
53291 -0.4601655
53292 -0.4612980
53293 -0.4623600
53294 -0.4633129
53295 -0.4639252
53296 -0.4641786
53297 -0.4642381
53298 -0.4642148
53299 -0.4642617
53300 -0.4645082
53301 -0.4649849
53302 -0.4656381
53303 -0.4664330
53304 -0.4673240
53305 -0.4682256
53306 -0.4690526
53307 -0.4697013
53308 -0.4701205
53309 -0.4703016
53310 -0.4703313
53311 -0.4702964
53312 -0.4702764
53313 -0.4703025
53314 -0.4704585
53315 -0.4708684
53316 -0.4715289
53317 -0.4724257
53318 -0.4735589
53319 -0.4748640
53320 -0.4761712
53321 -0.4773524
53322 -0.4783688
53323 -0.4790949
53324 -0.4794945
53325 -0.4798315
53326 -0.4802003
53327 -0.4806642
53328 -0.4813800
53329 -0.4823161
53330 -0.4834225
53331 -0.4845454
53332 -0.4856395
53333 -0.4866225
53334 -0.4873550
53335 -0.4878644
53336 -0.4881981
53337 -0.4883722
53338 -0.4884042
53339 -0.4883623
53340 -0.4883551
53341 -0.4884609
53342 -0.4887388
53343 -0.4891844
53344 -0.4898642
53345 -0.4907349
53346 -0.4917293
53347 -0.4928276
53348 -0.4938767
53349 -0.4946917
53350 -0.4953259
53351 -0.4957386
53352 -0.4959197
53353 -0.4961030
53354 -0.4964948
53355 -0.4970874
53356 -0.4979083
53357 -0.4989170
53358 -0.4999856
53359 -0.5010312
53360 -0.5019482
53361 -0.5025704
53362 -0.5030774
53363 -0.5033524
53364 -0.5033775
53365 -0.5032475
53366 -0.5030910
53367 -0.5029956
53368 -0.5029671
53369 -0.5029718
53370 -0.5032050
53371 -0.5036610
53372 -0.5042923
53373 -0.5050256
53374 -0.5058528
53375 -0.5067208
53376 -0.5074056
53377 -0.5078727
53378 -0.5081743
53379 -0.5083437
53380 -0.5085252
53381 -0.5087928
53382 -0.5093335
53383 -0.5101924
53384 -0.5112787
53385 -0.5124631
53386 -0.5136819
53387 -0.5147846
53388 -0.5157157
53389 -0.5164185
53390 -0.5168954
53391 -0.5172180
53392 -0.5174230
53393 -0.5175156
53394 -0.5175426
53395 -0.5175841
53396 -0.5177210
53397 -0.5179898
53398 -0.5184408
53399 -0.5190695
53400 -0.5197152
53401 -0.5204127
53402 -0.5211885
53403 -0.5218907
53404 -0.5224240
53405 -0.5227551
53406 -0.5229499
53407 -0.5231819
53408 -0.5235769
53409 -0.5240716
53410 -0.5248746
53411 -0.5260393
53412 -0.5274554
53413 -0.5290321
53414 -0.5305751
53415 -0.5319138
53416 -0.5329822
53417 -0.5337659
53418 -0.5343024
53419 -0.5346911
53420 -0.5351336
53421 -0.5356559
53422 -0.5363022
53423 -0.5371069
53424 -0.5381064
53425 -0.5393046
53426 -0.5407054
53427 -0.5423165
53428 -0.5440435
53429 -0.5457346
53430 -0.5473432
53431 -0.5488413
53432 -0.5501113
53433 -0.5512203
53434 -0.5522310
53435 -0.5531842
53436 -0.5541257
53437 -0.5552363
53438 -0.5565216
53439 -0.5578994
53440 -0.5593814
53441 -0.5609191
53442 -0.5623055
53443 -0.5633977
53444 -0.5641611
53445 -0.5645907
53446 -0.5647639
53447 -0.5648125
53448 -0.5648617
53449 -0.5649548
53450 -0.5651252
53451 -0.5654429
53452 -0.5660317
53453 -0.5668807
53454 -0.5679510
53455 -0.5691290
53456 -0.5703065
53457 -0.5713967
53458 -0.5723204
53459 -0.5729951
53460 -0.5733640
53461 -0.5735361
53462 -0.5736231
53463 -0.5738412
53464 -0.5743205
53465 -0.5750790
53466 -0.5760708
53467 -0.5772398
53468 -0.5785222
53469 -0.5798016
53470 -0.5808855
53471 -0.5816359
53472 -0.5820747
53473 -0.5823482
53474 -0.5825985
53475 -0.5828483
53476 -0.5831802
53477 -0.5836607
53478 -0.5843225
53479 -0.5851517
53480 -0.5861808
53481 -0.5874049
53482 -0.5887641
53483 -0.5901775
53484 -0.5916102
53485 -0.5929203
53486 -0.5940490
53487 -0.5949111
53488 -0.5955094
53489 -0.5959584
53490 -0.5965025
53491 -0.5971716
53492 -0.5980213
53493 -0.5991170
53494 -0.6004486
53495 -0.6018641
53496 -0.6032026
53497 -0.6044090
53498 -0.6054214
53499 -0.6062174
53500 -0.6067984
53501 -0.6071831
53502 -0.6074377
53503 -0.6076761
53504 -0.6079012
53505 -0.6082799
53506 -0.6088578
53507 -0.6095880
53508 -0.6104216
53509 -0.6113727
53510 -0.6123966
53511 -0.6133604
53512 -0.6142194
53513 -0.6148646
53514 -0.6151379
53515 -0.6151224
53516 -0.6148861
53517 -0.6145646
53518 -0.6144076
53519 -0.6144983
53520 -0.6148331
53521 -0.6153860
53522 -0.6160959
53523 -0.6168285
53524 -0.6173810
53525 -0.6176697
53526 -0.6178159
53527 -0.6176982
53528 -0.6173127
53529 -0.6168570
53530 -0.6162578
53531 -0.6157449
53532 -0.6153479
53533 -0.6150716
53534 -0.6148963
53535 -0.6149091
53536 -0.6150815
53537 -0.6153884
53538 -0.6157770
53539 -0.6161341
53540 -0.6163068
53541 -0.6162495
53542 -0.6159488
53543 -0.6154664
53544 -0.6149796
53545 -0.6145938
53546 -0.6144088
53547 -0.6145477
53548 -0.6148271
53549 -0.6151307
53550 -0.6154143
53551 -0.6155512
53552 -0.6154493
53553 -0.6151105
53554 -0.6144602
53555 -0.6135350
53556 -0.6125061
53557 -0.6114582
53558 -0.6104741
53559 -0.6096199
53560 -0.6089096
53561 -0.6083371
53562 -0.6080146
53563 -0.6078403
53564 -0.6077729
53565 -0.6077532
53566 -0.6076746
53567 -0.6074866
53568 -0.6071288
53569 -0.6064931
53570 -0.6056945
53571 -0.6048615
53572 -0.6040531
53573 -0.6034055
53574 -0.6031611
53575 -0.6032495
53576 -0.6036329
53577 -0.6041419
53578 -0.6045864
53579 -0.6048249
53580 -0.6048562
53581 -0.6047065
53582 -0.6042166
53583 -0.6036183
53584 -0.6030232
53585 -0.6023824
53586 -0.6017711
53587 -0.6012540
53588 -0.6009630
53589 -0.6008975
53590 -0.6010557
53591 -0.6013952
53592 -0.6018453
53593 -0.6022577
53594 -0.6025536
53595 -0.6026720
53596 -0.6025881
53597 -0.6022328
53598 -0.6017599
53599 -0.6013618
53600 -0.6009933
53601 -0.6008905
53602 -0.6011346
53603 -0.6017122
53604 -0.6024541
53605 -0.6030854
53606 -0.6034985
53607 -0.6036544
53608 -0.6035288
53609 -0.6030716
53610 -0.6024168
53611 -0.6015933
53612 -0.6006558
53613 -0.5997905
53614 -0.5991077
53615 -0.5986505
53616 -0.5984975
53617 -0.5986409
53618 -0.5988452
53619 -0.5992071
53620 -0.5996613
53621 -0.6001364
53622 -0.6005143
53623 -0.6007306
53624 -0.6007494
53625 -0.6005960
53626 -0.6004007
53627 -0.6003776
53628 -0.6005966
53629 -0.6011460
53630 -0.6020727
53631 -0.6032785
53632 -0.6045746
53633 -0.6057823
53634 -0.6067476
53635 -0.6073923
53636 -0.6077238
53637 -0.6077838
53638 -0.6076562
53639 -0.6074666
53640 -0.6073114
53641 -0.6072351
53642 -0.6073118
53643 -0.6076035
53644 -0.6080674
53645 -0.6087027
53646 -0.6094594
53647 -0.6102242
53648 -0.6108736
53649 -0.6113413
53650 -0.6116941
53651 -0.6119614
53652 -0.6120375
53653 -0.6120476
53654 -0.6120628
53655 -0.6122278
53656 -0.6126647
53657 -0.6133641
53658 -0.6143967
53659 -0.6155788
53660 -0.6167046
53661 -0.6177428
53662 -0.6185796
53663 -0.6191643
53664 -0.6195147
53665 -0.6197390
53666 -0.6198870
53667 -0.6200154
53668 -0.6202427
53669 -0.6205432
53670 -0.6209763
53671 -0.6216490
53672 -0.6224835
53673 -0.6234816
53674 -0.6245753
53675 -0.6256515
53676 -0.6265892
53677 -0.6273104
53678 -0.6277987
53679 -0.6281006
53680 -0.6283121
53681 -0.6284655
53682 -0.6287357
53683 -0.6293174
53684 -0.6302880
53685 -0.6315592
53686 -0.6330132
53687 -0.6344669
53688 -0.6358094
53689 -0.6369095
53690 -0.6377087
53691 -0.6382746
53692 -0.6386104
53693 -0.6387778
53694 -0.6390149
53695 -0.6393480
53696 -0.6398141
53697 -0.6404141
53698 -0.6411624
53699 -0.6420399
53700 -0.6430252
53701 -0.6440739
53702 -0.6450850
53703 -0.6459588
53704 -0.6466407
53705 -0.6471073
53706 -0.6473550
53707 -0.6475031
53708 -0.6476409
53709 -0.6477612
53710 -0.6480095
53711 -0.6485694
53712 -0.6493302
53713 -0.6502658
53714 -0.6512519
53715 -0.6521400
53716 -0.6528787
53717 -0.6534595
53718 -0.6538208
53719 -0.6539482
53720 -0.6540011
53721 -0.6540466
53722 -0.6541385
53723 -0.6543269
53724 -0.6546744
53725 -0.6552042
53726 -0.6559873
53727 -0.6568351
53728 -0.6576988
53729 -0.6585694
53730 -0.6594242
53731 -0.6602010
53732 -0.6607954
53733 -0.6611076
53734 -0.6611447
53735 -0.6611375
53736 0.3387836
53737 0.3385443
53738 0.3380866
53739 0.3373980
53740 0.3365232
53741 0.3355688
53742 0.3346624
53743 0.3339415
53744 0.3334800
53745 0.3332784
53746 0.3332982
53747 0.3334910
53748 0.3337689
53749 0.3339950
53750 0.3340826
53751 0.3340667
53752 0.3339361
53753 0.3336408
53754 0.3331155
53755 0.3325420
53756 0.3318517
53757 0.3311582
53758 0.3305310
53759 0.3299775
53760 0.3295024
53761 0.3291151
53762 0.3287098
53763 0.3282607
53764 0.3277013
53765 0.3268785
53766 0.3257233
53767 0.3242744
53768 0.3227205
53769 0.3211776
53770 0.3197355
53771 0.3186186
53772 0.3177920
53773 0.3172109
53774 0.3168299
53775 0.3164676
53776 0.3160782
53777 0.3155811
53778 0.3150003
53779 0.3142142
53780 0.3133367
53781 0.3123492
53782 0.3113498
53783 0.3102609
53784 0.3091206
53785 0.3080871
53786 0.3071290
53787 0.3063694
53788 0.3058039
53789 0.3054082
53790 0.3050441
53791 0.3044978
53792 0.3037108
53793 0.3025040
53794 0.3008919
53795 0.2989967
53796 0.2969957
53797 0.2951774
53798 0.2935886
53799 0.2923188
53800 0.2913939
53801 0.2907595
53802 0.2902956
53803 0.2899118
53804 0.2895619
53805 0.2891596
53806 0.2886648
53807 0.2879808
53808 0.2871079
53809 0.2861037
53810 0.2850536
53811 0.2840236
53812 0.2831029
53813 0.2821968
53814 0.2814714
53815 0.2808807
53816 0.2803601
53817 0.2798935
53818 0.2793244
53819 0.2785189
53820 0.2773214
53821 0.2757952
53822 0.2739636
53823 0.2719086
53824 0.2698509
53825 0.2680176
53826 0.2664725
53827 0.2653561
53828 0.2645309
53829 0.2639566
53830 0.2634007
53831 0.2628379
53832 0.2621939
53833 0.2614096
53834 0.2604284
53835 0.2592604
53836 0.2580330
53837 0.2567257
53838 0.2555258
53839 0.2543392
53840 0.2532737
53841 0.2524241
53842 0.2517923
53843 0.2512973
53844 0.2508275
53845 0.2502988
53846 0.2496552
53847 0.2487672
53848 0.2475569
53849 0.2460017
53850 0.2442487
53851 0.2424194
53852 0.2406477
53853 0.2390357
53854 0.2377033
53855 0.2366932
53856 0.2359591
53857 0.2352512
53858 0.2344817
53859 0.2336098
53860 0.2326181
53861 0.2315185
53862 0.2302033
53863 0.2288676
53864 0.2273901
53865 0.2258944
53866 0.2243733
53867 0.2229434
53868 0.2216404
53869 0.2204700
53870 0.2195484
53871 0.2187284
53872 0.2179726
53873 0.2171984
53874 0.2162857
53875 0.2151386
53876 0.2137855
53877 0.2122812
53878 0.2107031
53879 0.2091657
53880 0.2077971
53881 0.2066848
53882 0.2059214
53883 0.2054700
53884 0.2052640
53885 0.2051171
53886 0.2049106
53887 0.2046061
53888 0.2041272
53889 0.2034874
53890 0.2027408
53891 0.2019531
53892 0.2011833
53893 0.2004810
53894 0.1999011
53895 0.1995585
53896 0.1994652
53897 0.1996228
53898 0.1999632
53899 0.2003667
53900 0.2006630
53901 0.2007706
53902 0.2006651
53903 0.2001482
53904 0.1993618
53905 0.1985222
53906 0.1976935
53907 0.1970042
53908 0.1964705
53909 0.1962054
53910 0.1961078
53911 0.1961786
53912 0.1963261
53913 0.1963133
53914 0.1961582
53915 0.1958317
53916 0.1952631
53917 0.1945193
53918 0.1935934
53919 0.1926215
53920 0.1916622
53921 0.1907234
53922 0.1899019
53923 0.1892920
53924 0.1888795
53925 0.1887463
53926 0.1887760
53927 0.1887559
53928 0.1886568
53929 0.1884038
53930 0.1878048
53931 0.1869009
53932 0.1857821
53933 0.1847065
53934 0.1837839
53935 0.1830863
53936 0.1826597
53937 0.1825087
53938 0.1825738
53939 0.1827916
53940 0.1830398
53941 0.1832261
53942 0.1832677
53943 0.1831239
53944 0.1828829
53945 0.1825347
53946 0.1821068
53947 0.1816350
53948 0.1811849
53949 0.1807675
53950 0.1805768
53951 0.1804962
53952 0.1805554
53953 0.1806776
53954 0.1809006
53955 0.1809885
53956 0.1808337
53957 0.1803273
53958 0.1794843
53959 0.1784421
53960 0.1772985
53961 0.1763520
53962 0.1756443
53963 0.1752148
53964 0.1750482
53965 0.1750855
53966 0.1752403
53967 0.1754345
53968 0.1754681
53969 0.1753333
53970 0.1750313
53971 0.1745168
53972 0.1738799
53973 0.1731588
53974 0.1724548
53975 0.1717201
53976 0.1711175
53977 0.1706229
53978 0.1702974
53979 0.1701833
53980 0.1701332
53981 0.1701535
53982 0.1700541
53983 0.1696798
53984 0.1689483
53985 0.1678672
53986 0.1664655
53987 0.1648937
53988 0.1633577
53989 0.1620785
53990 0.1610749
53991 0.1603696
53992 0.1598241
53993 0.1594757
53994 0.1591675
53995 0.1588397
53996 0.1583742
53997 0.1577234
53998 0.1568825
53999 0.1559038
54000 0.1547784
54001 0.1535586
54002 0.1523952
54003 0.1513473
54004 0.1503992
54005 0.1495391
54006 0.1488117
54007 0.1482145
54008 0.1475943
54009 0.1468436
54010 0.1460031
54011 0.1448844
54012 0.1433922
54013 0.1415852
54014 0.1394423
54015 0.1371869
54016 0.1349927
54017 0.1331236
54018 0.1315872
54019 0.1303500
54020 0.1293125
54021 0.1283896
54022 0.1275696
54023 0.1266979
54024 0.1256795
54025 0.1245030
54026 0.1231998
54027 0.1217890
54028 0.1203072
54029 0.1188151
54030 0.1173653
54031 0.1160234
54032 0.1147926
54033 0.1137427
54034 0.1128460
54035 0.1120522
54036 0.1113138
54037 0.1104760
54038 0.1094971
54039 0.1082743
54040 0.1067292
54041 0.1048855
54042 0.1028929
54043 0.1009094
54044 0.0991258
54045 0.0977186
54046 0.0966409
54047 0.0958167
54048 0.0951363
54049 0.0944675
54050 0.0937477
54051 0.0927983
54052 0.0917321
54053 0.0905591
54054 0.0892768
54055 0.0880862
54056 0.0868387
54057 0.0856492
54058 0.0845775
54059 0.0836093
54060 0.0827751
54061 0.0820694
54062 0.0814481
54063 0.0809030
54064 0.0803103
54065 0.0795054
54066 0.0784048
54067 0.0770164
54068 0.0753908
54069 0.0735975
54070 0.0718095
54071 0.0701106
54072 0.0687486
54073 0.0676440
54074 0.0667525
54075 0.0659883
54076 0.0653124
54077 0.0645074
54078 0.0635497
54079 0.0624520
54080 0.0611647
54081 0.0597491
54082 0.0583006
54083 0.0568935
54084 0.0556435
54085 0.0544172
54086 0.0533931
54087 0.0525559
54088 0.0518603
54089 0.0512503
54090 0.0507185
54091 0.0501849
54092 0.0494585
54093 0.0484411
54094 0.0471457
54095 0.0456688
54096 0.0441190
54097 0.0425641
54098 0.0410316
54099 0.0395648
54100 0.0383877
54101 0.0375583
54102 0.0369471
54103 0.0363956
54104 0.0358320
54105 0.0352576
54106 0.0344585
54107 0.0334763
54108 0.0323299
54109 0.0310679
54110 0.0297261
54111 0.0283325
54112 0.0270902
54113 0.0258211
54114 0.0247813
54115 0.0238424
54116 0.0230309
54117 0.0221834
54118 0.0213956
54119 0.0204568
54120 0.0192164
54121 0.0176703
54122 0.0158509
54123 0.0138159
54124 0.0116752
54125 0.0096146
54126 0.0077855
54127 0.0062035
54128 0.0048977
54129 0.0038106
54130 0.0028260
54131 0.0018274
54132 0.0007208
54133 -0.0005310
54134 -0.0019572
54135 -0.0035346
54136 -0.0052118
54137 -0.0069260
54138 -0.0086037
54139 -0.0102221
54140 -0.0116670
54141 -0.0129332
54142 -0.0140413
54143 -0.0150076
54144 -0.0158124
54145 -0.0165530
54146 -0.0172921
54147 -0.0181104
54148 -0.0191694
54149 -0.0203377
54150 -0.0218752
54151 -0.0234721
54152 -0.0249997
54153 -0.0262973
54154 -0.0272699
54155 -0.0280418
54156 -0.0285659
54157 -0.0290073
54158 -0.0294386
54159 -0.0299352
54160 -0.0305362
54161 -0.0313050
54162 -0.0322574
54163 -0.0333419
54164 -0.0345298
54165 -0.0357763
54166 -0.0369859
54167 -0.0381439
54168 -0.0392118
54169 -0.0401241
54170 -0.0408540
54171 -0.0414515
54172 -0.0420185
54173 -0.0426231
54174 -0.0432810
54175 -0.0442162
54176 -0.0455338
54177 -0.0472644
54178 -0.0492763
54179 -0.0513712
54180 -0.0533950
54181 -0.0551254
54182 -0.0564229
54183 -0.0573521
54184 -0.0581066
54185 -0.0588216
54186 -0.0595450
54187 -0.0603996
54188 -0.0614535
54189 -0.0626590
54190 -0.0639740
54191 -0.0653665
54192 -0.0668791
54193 -0.0684454
54194 -0.0699752
54195 -0.0714291
54196 -0.0727772
54197 -0.0740257
54198 -0.0752572
54199 -0.0764671
54200 -0.0776557
54201 -0.0788983
54202 -0.0802781
54203 -0.0818492
54204 -0.0837500
54205 -0.0858826
54206 -0.0881634
54207 -0.0904290
54208 -0.0924301
54209 -0.0940752
54210 -0.0953207
54211 -0.0962402
54212 -0.0970692
54213 -0.0978786
54214 -0.0988078
54215 -0.0998280
54216 -0.1010228
54217 -0.1023322
54218 -0.1037735
54219 -0.1052600
54220 -0.1067034
54221 -0.1080683
54222 -0.1092981
54223 -0.1103853
54224 -0.1113408
54225 -0.1121660
54226 -0.1128917
54227 -0.1135361
54228 -0.1142208
54229 -0.1151362
54230 -0.1163258
54231 -0.1178317
54232 -0.1196513
54233 -0.1218300
54234 -0.1240306
54235 -0.1261049
54236 -0.1278563
54237 -0.1292280
54238 -0.1303199
54239 -0.1312275
54240 -0.1320939
54241 -0.1330573
54242 -0.1339553
54243 -0.1349289
54244 -0.1360428
54245 -0.1373317
54246 -0.1386496
54247 -0.1398799
54248 -0.1410389
54249 -0.1420189
54250 -0.1428269
54251 -0.1434826
54252 -0.1439502
54253 -0.1442241
54254 -0.1444017
54255 -0.1445478
54256 -0.1449293
54257 -0.1455242
54258 -0.1462789
54259 -0.1472571
54260 -0.1483278
54261 -0.1494659
54262 -0.1505222
54263 -0.1514498
54264 -0.1520900
54265 -0.1523210
54266 -0.1523825
54267 -0.1523132
54268 -0.1523119
54269 -0.1524984
54270 -0.1528691
54271 -0.1534336
54272 -0.1541320
54273 -0.1548876
54274 -0.1556091
54275 -0.1562042
54276 -0.1567322
54277 -0.1571022
54278 -0.1573268
54279 -0.1574226
54280 -0.1574262
54281 -0.1573889
54282 -0.1573485
54283 -0.1573946
54284 -0.1577347
54285 -0.1583179
54286 -0.1591017
54287 -0.1599805
54288 -0.1609242
54289 -0.1618341
54290 -0.1624411
54291 -0.1627781
54292 -0.1628617
54293 -0.1627185
54294 -0.1624796
54295 -0.1621671
54296 -0.1620116
54297 -0.1619923
54298 -0.1621593
54299 -0.1624895
54300 -0.1628874
54301 -0.1632620
54302 -0.1635595
54303 -0.1637273
54304 -0.1637159
54305 -0.1635100
54306 -0.1631560
54307 -0.1625758
54308 -0.1619452
54309 -0.1613538
54310 -0.1609363
54311 -0.1607576
54312 -0.1608313
54313 -0.1611894
54314 -0.1618120
54315 -0.1626008
54316 -0.1633684
54317 -0.1639485
54318 -0.1643259
54319 -0.1643576
54320 -0.1641494
54321 -0.1637483
54322 -0.1632884
54323 -0.1629186
54324 -0.1627304
54325 -0.1627642
54326 -0.1629003
54327 -0.1631304
54328 -0.1634149
54329 -0.1636478
54330 -0.1638677
54331 -0.1639869
54332 -0.1639911
54333 -0.1638542
54334 -0.1635620
54335 -0.1631293
54336 -0.1626283
54337 -0.1621882
54338 -0.1619019
54339 -0.1619172
54340 -0.1622064
54341 -0.1628675
54342 -0.1637150
54343 -0.1646839
54344 -0.1656474
54345 -0.1663962
54346 -0.1668939
54347 -0.1670974
54348 -0.1671728
54349 -0.1672572
54350 -0.1673591
54351 -0.1676620
54352 -0.1681421
54353 -0.1688820
54354 -0.1696935
54355 -0.1706026
54356 -0.1715463
54357 -0.1724571
54358 -0.1732391
54359 -0.1738715
54360 -0.1743449
54361 -0.1747157
54362 -0.1749439
54363 -0.1751927
54364 -0.1754688
54365 -0.1759615
54366 -0.1765906
54367 -0.1775620
54368 -0.1787850
54369 -0.1804461
54370 -0.1821119
54371 -0.1837409
54372 -0.1851834
54373 -0.1862850
54374 -0.1871400
54375 -0.1877053
54376 -0.1882805
54377 -0.1888374
54378 -0.1893861
54379 -0.1900735
54380 -0.1909547
54381 -0.1919383
54382 -0.1929806
54383 -0.1940521
54384 -0.1951784
54385 -0.1961716
54386 -0.1970236
54387 -0.1977023
54388 -0.1982283
54389 -0.1986395
54390 -0.1990242
54391 -0.1995170
54392 -0.2000432
54393 -0.2007499
54394 -0.2016845
54395 -0.2028433
54396 -0.2042180
54397 -0.2058410
54398 -0.2075377
54399 -0.2090652
54400 -0.2102617
54401 -0.2110467
54402 -0.2116457
54403 -0.2121586
54404 -0.2126457
54405 -0.2132211
54406 -0.2139216
54407 -0.2147404
54408 -0.2157219
54409 -0.2167554
54410 -0.2177878
54411 -0.2188535
54412 -0.2199119
54413 -0.2208429
54414 -0.2216023
54415 -0.2221719
54416 -0.2225994
54417 -0.2229017
54418 -0.2232716
54419 -0.2237397
54420 -0.2244397
54421 -0.2254350
54422 -0.2266816
54423 -0.2282821
54424 -0.2301151
54425 -0.2320965
54426 -0.2341155
54427 -0.2359854
54428 -0.2375453
54429 -0.2387618
54430 -0.2397676
54431 -0.2406890
54432 -0.2416188
54433 -0.2427083
54434 -0.2440502
54435 -0.2455688
54436 -0.2471019
54437 -0.2487347
54438 -0.2502492
54439 -0.2515978
54440 -0.2526645
54441 -0.2535004
54442 -0.2540962
54443 -0.2544346
54444 -0.2546530
54445 -0.2548107
54446 -0.2550258
54447 -0.2553978
54448 -0.2559141
54449 -0.2566500
54450 -0.2576480
54451 -0.2588662
54452 -0.2601599
54453 -0.2614692
54454 -0.2627469
54455 -0.2638495
54456 -0.2646117
54457 -0.2651771
54458 -0.2656751
54459 -0.2661782
54460 -0.2668194
54461 -0.2676242
54462 -0.2686391
54463 -0.2696992
54464 -0.2709973
54465 -0.2722359
54466 -0.2733249
54467 -0.2743095
54468 -0.2751916
54469 -0.2759539
54470 -0.2766100
54471 -0.2772037
54472 -0.2777499
54473 -0.2782627
54474 -0.2788589
54475 -0.2795806
54476 -0.2804622
54477 -0.2815510
54478 -0.2828278
54479 -0.2842185
54480 -0.2855964
54481 -0.2869110
54482 -0.2880145
54483 -0.2888042
54484 -0.2893449
54485 -0.2897954
54486 -0.2902243
54487 -0.2908377
54488 -0.2916538
54489 -0.2927418
54490 -0.2940899
54491 -0.2955854
54492 -0.2971298
54493 -0.2985840
54494 -0.2999554
54495 -0.3011510
54496 -0.3020200
54497 -0.3027574
54498 -0.3033766
54499 -0.3039695
54500 -0.3045232
54501 -0.3052085
54502 -0.3060590
54503 -0.3071699
54504 -0.3084729
54505 -0.3099734
54506 -0.3115698
54507 -0.3132037
54508 -0.3148295
54509 -0.3161605
54510 -0.3172947
54511 -0.3182352
54512 -0.3189163
54513 -0.3194663
54514 -0.3200697
54515 -0.3208714
54516 -0.3219276
54517 -0.3231617
54518 -0.3245005
54519 -0.3258408
54520 -0.3271038
54521 -0.3282890
54522 -0.3292834
54523 -0.3300639
54524 -0.3306173
54525 -0.3309726
54526 -0.3312053
54527 -0.3314096
54528 -0.3317943
54529 -0.3322407
54530 -0.3329799
54531 -0.3339920
54532 -0.3352608
54533 -0.3367791
54534 -0.3383316
54535 -0.3398205
54536 -0.3410475
54537 -0.3420795
54538 -0.3428311
54539 -0.3433409
54540 -0.3437593
54541 -0.3442790
54542 -0.3449234
54543 -0.3458067
54544 -0.3469823
54545 -0.3483093
54546 -0.3496996
54547 -0.3512374
54548 -0.3526641
54549 -0.3540554
54550 -0.3552959
54551 -0.3563463
54552 -0.3572250
54553 -0.3579613
54554 -0.3585963
54555 -0.3592498
54556 -0.3600366
54557 -0.3610018
54558 -0.3621677
54559 -0.3636691
54560 -0.3652814
54561 -0.3671185
54562 -0.3690424
54563 -0.3708240
54564 -0.3722199
54565 -0.3732792
54566 -0.3740514
54567 -0.3746259
54568 -0.3751907
54569 -0.3757651
54570 -0.3765740
54571 -0.3776517
54572 -0.3789167
54573 -0.3802461
54574 -0.3816091
54575 -0.3829436
54576 -0.3841649
54577 -0.3852451
54578 -0.3861470
54579 -0.3869338
54580 -0.3875918
54581 -0.3881944
54582 -0.3887900
54583 -0.3893850
54584 -0.3902034
54585 -0.3912164
54586 -0.3925144
54587 -0.3941033
54588 -0.3957762
54589 -0.3976160
54590 -0.3994698
54591 -0.4011514
54592 -0.4025763
54593 -0.4036558
54594 -0.4045499
54595 -0.4054286
54596 -0.4063691
54597 -0.4074534
54598 -0.4088953
54599 -0.4104732
54600 -0.4121417
54601 -0.4138017
54602 -0.4154045
54603 -0.4168357
54604 -0.4179950
54605 -0.4190419
54606 -0.4198165
54607 -0.4203599
54608 -0.4207793
54609 -0.4210412
54610 -0.4213206
54611 -0.4217246
54612 -0.4222990
54613 -0.4230542
54614 -0.4240138
54615 -0.4251535
54616 -0.4263455
54617 -0.4275781
54618 -0.4287452
54619 -0.4296804
54620 -0.4303412
54621 -0.4307695
54622 -0.4310806
54623 -0.4314544
54624 -0.4319010
54625 -0.4325751
54626 -0.4333060
54627 -0.4342557
54628 -0.4352699
54629 -0.4361923
54630 -0.4369136
54631 -0.4374993
54632 -0.4378227
54633 -0.4379897
54634 -0.4380658
54635 -0.4380230
54636 -0.4379373
54637 -0.4379074
54638 -0.4379169
54639 -0.4380923
54640 -0.4385242
54641 -0.4391879
54642 -0.4400713
54643 -0.4410314
54644 -0.4420565
54645 -0.4429805
54646 -0.4437595
54647 -0.4443980
54648 -0.4447618
